32059 0.0748794 0.113875 0.179492 7200 7200 7200
32059 0.0723884 0.123782 0.242378 7200 7200 7200
32059 0.0694027 0.128207 0.298988 7200 7200 7200
32059 0.0700941 0.134497 0.325996 7200 7200 7200
32059 0 0.123181 0.321689 7200 7200 7200
32059 0.077645 0.112094 0.160323 7200 7200 7200
32059 0 0.142465 0.469639 7200 7200 7200
32059 0.0884202 0.111789 0.135166 7200 7200 7200
32059 0.0682423 0.134247 0.342395 7200 7200 7200
32059 0 0.140234 0.420063 7200 7200 7200
32059 0.0723552 0.125098 0.24959 7200 7200 7200
32059 0.0681957 0.13977 0.39632 7200 7200 7200
32059 0.0689541 0.12644 0.29001 7200 7200 7200
32059 0 0.145961 0.668091 7200 7200 7200
32059 0.0690732 0.121681 0.255869 7200 7200 7200
32059 0.076368 0.119934 0.197637 7200 7200 7200
32059 0.0766721 0.107376 0.155615 7200 7200 7200
32059 0.0738371 0.120347 0.215742 7200 7200 7200
32059 0.0819464 0.124331 0.200496 7200 7200 7200
32059 0 0.141348 0.564927 7200 7200 7200
32059 0.0694337 0.162667 0.651671 7200 7200 7200
32059 0.0777213 0.114416 0.167259 7200 7200 7200
32059 0 0.145313 0.552993 7200 7200 7200
32059 0 0.141104 0.465794 7200 7200 7200
32059 0.0702099 0.122772 0.249469 7200 7200 7200
32059 0 0.147707 0.84634 7200 7200 7200
32059 0 0.145783 0.681647 7200 7200 7200
32059 0.0816617 0.107401 0.143076 7200 7200 7200
32059 0.086115 0.102977 0.118457 7200 7200 7200
32059 0.0832976 0.0983988 0.111908 7200 7200 7200
32059 0.0707062 0.134167 0.317696 7200 7200 7200
32059 0.0723 0.122543 0.236273 7200 7200 7200
32059 0.069845 0.139811 0.375635 7200 7200 7200
32059 0.0811743 0.115748 0.166419 7200 7200 7200
32059 0.0671996 0.134414 0.353779 7200 7200 7200
32059 0 0.125245 0.352065 7200 7200 7200
32059 0 0.136632 0.395062 7200 7200 7200
32059 0.073286 0.12176 0.22644 7200 7200 7200
32059 0.0672362 0.125265 0.294687 7200 7200 7200
32059 0.0754421 0.118478 0.195761 7200 7200 7200
32059 0.0773489 0.113022 0.164182 7200 7200 7200
32059 0.0678582 0.14036 0.405986 7200 7200 7200
32059 0.067891 0.126401 0.297716 7200 7200 7200
32059 0.0762233 0.13921 0.293829 7200 7200 7200
32059 0 0.13783 0.492865 7200 7200 7200
32059 0.0753045 0.123109 0.222075 7200 7200 7200
32059 0 0.127357 0.440451 7200 7200 7200
32059 0 0.123527 0.337606 7200 7200 7200
32059 0 0.133833 0.379346 7200 7200 7200
32068 0 0.126168 0.328544 7200 7200 7200
32086 7200 7200 7200 7200 7200 7200
32105 7200 7200 7200 7200 7200 7200
32124 7200 7200 7200 7200 7200 7200
32150 7200 7200 7200 7200 7200 7200
32169 7200 7200 7200 7200 7200 7200
32188 7200 7200 7200 7200 7200 7200
32206 7200 7200 7200 7200 7200 7200
32226 7200 7200 7200 7200 7200 7200
32243 7200 7200 7200 7200 7200 7200
32263 7200 7200 7200 7200 7200 7200
32282 7200 7200 7200 7200 7200 7200
32300 7200 7200 7200 7200 7200 7200
32318 7200 7200 7200 7200 7200 7200
32337 7200 7200 7200 7200 7200 7200
32362 7200 7200 7200 7200 7200 7200
32381 7200 7200 7200 7200 7200 7200
32399 7200 7200 7200 7200 7200 7200
32417 7200 7200 7200 7200 7200 7200
32435 7200 7200 7200 7200 7200 7200
32453 7200 7200 0.665713 7200 7200 7200
32471 0 0.0851739 0.219949 7200 7200 7200
32490 0.0774775 0 0 7200 7200 7200
32508 7200 7200 7200 7200 7200 7200
32526 0.109098 0.0859527 0 7200 7200 7200
32555 0.141091 0.401076 2.96245 7200 7200 80.8612
32570 7200 7200 7200 7200 7200 7200
32589 7200 7200 7200 7200 7200 7200
32607 7200 7200 7200 7200 7200 7200
32625 7200 7200 7200 7200 7200 7200
32644 7200 7200 1.11609 7200 7200 7200
32663 7200 7200 0.137816 7200 7200 7200
32681 7200 7200 0 7200 7200 7200
32700 7200 7200 7200 7200 7200 7200
32719 7200 7200 7200 7200 7200 7200
32745 7200 7200 7200 7200 7200 7200
32763 7200 7200 7200 7200 7200 7200
32781 7200 7200 7200 7200 7200 7200
32799 7200 7200 7200 7200 7200 7200
32817 7200 7200 7200 7200 7200 7200
32835 7200 7200 7200 7200 7200 7200
32854 7200 7200 7200 7200 7200 7200
32872 7200 7200 7200 7200 7200 7200
32890 7200 7200 7200 7200 7200 7200
32908 7200 7200 7200 7200 7200 7200
32926 7200 7200 7200 7200 7200 7200
32952 7200 7200 7200 7200 7200 7200
32970 7200 7200 7200 7200 7200 7200
32988 7200 7200 7200 7200 7200 7200
33007 7200 7200 7200 7200 7200 7200
33025 7200 7200 7200 7200 7200 7200
33043 7200 7200 7200 7200 7200 7200
33062 0 0.107433 0.598348 7200 7200 7200
33080 7200 7200 7200 7200 7200 7200
33098 7200 7200 7200 7200 7200 7200
33116 7200 7200 7200 7200 7200 7200
33141 7200 7200 7200 7200 7200 7200
33160 7200 7200 7200 7200 7200 7200
33178 0.648161 4.19761 7200 7200 7200 7200
33197 7200 7200 7200 7200 7200 7200
33215 0 2.54305 7200 7200 7200 7200
33234 7200 7200 7200 7200 7200 7200
33251 7200 7200 7200 7200 7200 7200
33269 7200 7200 7200 7200 7200 7200
33288 7200 7200 7200 7200 7200 7200
33306 7200 7200 7200 7200 7200 7200
33331 7200 7200 7200 7200 7200 7200
33349 7200 7200 7200 7200 7200 7200
33368 7200 7200 7200 7200 7200 7200
33386 7200 7200 7200 7200 7200 7200
33404 7200 7200 7200 7200 7200 7200
33422 7200 7200 7200 7200 7200 7200
33440 7200 7200 7200 7200 7200 7200
33458 7200 7200 7200 7200 7200 7200
33477 7200 7200 7200 7200 7200 7200
33494 7200 7200 7200 7200 7200 7200
33513 7200 7200 7200 7200 7200 7200
33542 7200 7200 7200 7200 7200 7200
33557 7200 7200 7200 7200 7200 7200
33576 7200 7200 7200 7200 7200 7200
33595 7200 7200 7200 7200 7200 7200
33613 7200 7200 7200 7200 7200 7200
33631 0 7200 7200 7200 7200 7200
33649 0.080512 0.111496 0.154954 7200 7200 7200
33668 0 7200 7200 7200 7200 7200
33686 0.143886 0.199725 0.27043 7200 7200 7200
33705 0 7200 7200 7200 7200 7200
33731 0.145494 0.170679 0.188428 7200 7200 7200
33749 0 2.89778 7200 7200 7200 7200
33768 0 0.344725 7200 7200 7200 7200
33785 0.0713019 1.07448 7200 7200 7200 7200
33804 0 7200 7200 7200 7200 7200
33822 7200 7200 7200 7200 7200 7200
33840 7200 7200 7200 7200 7200 7200
33858 7200 7200 7200 7200 7200 7200
33875 7200 7200 7200 7200 7200 7200
33894 7200 7200 7200 7200 7200 7200
33920 0.877497 7200 7200 7200 7200 7200
33939 7200 7200 7200 7200 7200 7200
33957 0.0850745 0.100189 0.113472 7200 7200 7200
33975 0.0828613 0.321007 294.242 7200 7200 7200
33993 0.138125 0.100947 0.0736978 7200 7200 7200
34012 0 7200 7200 7200 7200 7200
34030 0 1.20104 7200 7200 7200 6.83785
34048 0 0.162369 1.87275 7200 7200 7200
34067 0 0.190069 7200 7200 7200 7200
34084 0 6.22998 7200 7200 7200 7200
34110 7200 7200 7200 7200 7200 7200
34129 7200 7200 7200 0.861189 0.668051 0.493973
34147 242.757 171.588 147.223 3.20695 4.78775 6.27932
34165 5.89977 7.15603 7.34181 7200 7200 281.956
34183 7200 7200 7200 7200 7200 7200
34202 7200 7200 7200 4.55188 8.42304 15.0509
34219 7200 7200 7200 4.52402 7.04158 9.63495
34237 6.63635 8.98841 10.0783 4.57196 6.61928 8.13394
34256 6.51085 8.80777 9.90428 4.33846 5.93666 6.96574
34274 7.37647 9.36697 10.0162 5.25633 6.65931 7.00155
34293 8.37234 10.1554 10.4548 6.95669 7.84813 7.38418
34317 7.31367 9.55323 10.6225 5.71305 7.24506 7.86804
34336 6.68855 8.75952 9.56271 4.81759 6.29559 7.13609
34354 7.26309 8.84052 9.01398 5.68816 6.76077 6.7405
34372 6.74341 8.20056 8.4373 5.16471 6.1052 6.08532
34390 7.22901 8.23121 8.11061 5.64925 6.235 5.90509
34409 7.2331 8.13773 7.84221 5.95735 6.27099 5.56561
34427 6.95666 7.87925 7.64784 5.93463 6.04623 5.21869
34445 7.40166 8.44958 8.36999 7.47993 7.32273 6.21359
34463 6.39057 8.14057 8.72162 6.3892 7.51409 7.32299
34482 4.73144 6.59495 7.70991 4.20526 5.33003 5.8566
34507 3.77124 5.43447 6.52284 2.99576 3.88467 4.37779
34526 3.3272 4.61137 5.46781 2.52263 3.14916 3.35756
34544 3.14956 4.20415 4.72417 2.38985 2.76087 2.76875
34563 3.00623 3.85659 4.15193 2.20153 2.42954 2.34632
34582 3.21265 3.83265 3.85433 2.37457 2.46105 2.27284
34600 3.31265 3.84633 3.77591 2.52949 2.63464 2.34169
34619 3.37515 3.85155 3.72079 2.63463 2.70809 2.36325
34638 3.70459 4.16745 3.93834 3.23603 3.2949 2.93542
34653 3.49638 4.13136 4.13358 3.13705 3.52611 3.34319
34671 2.91704 3.66835 3.84446 2.49891 2.85875 2.83967
34700 2.57465 3.30493 3.5727 2.18072 2.42086 2.35158
34719 2.50359 3.17163 3.35748 2.20571 2.37828 2.24417
34737 2.4237 3.03242 3.24306 2.17608 2.36054 2.24143
34755 2.31247 2.87191 2.96203 1.92662 2.08403 1.98803
34773 2.47169 2.92547 2.91759 2.04887 2.09817 1.93133
34790 2.77342 3.07977 2.93938 2.26771 2.32148 2.07084
34809 3.32235 3.54225 3.28028 2.88525 2.81574 2.38097
34827 4.65209 4.71729 4.17072 4.81814 4.44049 3.57871
34845 6.44745 6.47765 5.77787 7.85703 7.72033 6.40663
34864 7.90547 8.38672 7.82197 10.9431 11.8262 10.7047
34883 8.30379 9.63182 9.69729 10.5853 13.3265 13.7369
34908 9.01826 10.8345 11.2349 10.7217 13.7172 14.5233
34926 9.64811 11.929 12.6357 11.1692 14.0341 14.5711
34945 10.2382 12.6735 13.1664 10.9373 12.7646 12.5909
34963 13.4358 15.2446 15.3445 15.0514 15.6542 13.7442
34981 14.3501 16.9013 17.3516 14.9323 16.8515 16.109
35000 13.5961 16.2816 16.6946 12.5502 14.6128 14.13
35018 12.7288 15.0865 15.5402 10.8988 12.6929 12.4782
35036 13.5009 14.83 14.4073 11.7786 12.0088 10.313
35054 16.466 16.3177 14.8088 15.5649 14.1647 11.3812
35072 17.5399 17.5046 15.9982 17.2929 16.3175 13.5065
35098 17.5385 17.0004 15.4887 17.4884 15.9581 12.8898
35115 15.3839 16.0838 15.1693 15.4499 14.6909 12.1825
35134 12.8074 14.5288 14.3169 12.5043 13.111 11.4932
35153 11.5092 13.195 13.0428 11.0106 11.8488 10.6815
35171 9.72461 11.6427 12.0025 9.24893 10.0444 8.99331
35189 8.71121 10.3226 10.5307 7.94089 8.63367 7.87847
35207 8.9841 10.2564 10.0591 8.4133 8.82822 7.66548
35225 8.59382 9.83946 9.7015 7.69707 8.72439 8.17353
35244 7.70257 8.83462 8.68356 6.45346 7.22017 6.90131
35262 7.53062 8.16943 7.66791 6.38966 6.61694 5.79333
35287 7.8536 8.19145 7.55012 7.0483 6.7973 5.54531
35305 8.32587 8.42926 7.62894 8.20777 7.5996 6.05502
35324 8.14252 8.47088 7.80676 8.76618 8.21488 6.56062
35342 7.07083 7.84758 7.51276 7.42446 7.65097 6.54033
35360 6.21527 7.1831 7.13655 6.42024 6.63498 5.79768
35379 5.63422 6.47731 6.40992 5.66513 5.85466 5.12451
35397 5.27754 5.87729 5.67499 5.16407 5.16579 4.39949
35415 5.22465 5.61203 5.17804 4.897 4.90968 4.19814
35433 5.25364 5.48541 4.9656 4.94443 4.63938 3.81457
35452 5.07384 5.53117 5.16381 4.70307 4.61744 3.92645
35477 5.23308 5.64003 5.21437 4.96141 4.88274 4.10495
35496 5.58348 5.84042 5.40734 5.49957 5.2673 4.38023
35515 5.65199 5.93513 5.53542 5.65918 5.35131 4.41401
35533 5.99229 6.33491 5.79845 6.31525 6.03692 4.99663
35552 6.28191 6.4819 5.88332 6.44832 6.2626 5.27653
35571 6.34685 6.51484 5.89485 6.56395 6.46721 5.36017
35589 6.1794 6.35343 5.74819 6.27901 6.10125 5.12481
35605 6.31615 6.32437 5.62202 6.38938 6.02141 4.92306
35624 6.6278 6.51993 5.7347 7.34042 6.80079 5.39524
35641 6.4551 6.43154 5.7028 7.26849 7.00519 5.83186
35660 5.99047 6.16615 5.54179 6.72294 6.81579 5.84436
35690 5.3305 5.72906 5.27928 5.57153 6.04457 5.50852
35707 4.70604 5.10285 4.8005 4.54456 4.95805 4.51218
35725 4.39777 4.73239 4.37244 4.32291 4.41031 3.83437
35744 4.23249 4.56521 4.27741 4.32508 4.40831 3.8296
35760 4.13582 4.47411 4.1924 4.27402 4.40733 3.86642
35779 3.75706 4.17814 3.90984 3.65571 3.88003 3.58002
35797 3.55002 3.88858 3.67125 3.28233 3.42771 3.15414
35816 3.56 3.84974 3.59184 3.3401 3.3956 3.03919
35834 3.63384 3.89274 3.60808 3.47866 3.54011 3.05726
35853 3.74174 4.02593 3.76041 3.77177 3.77265 3.23566
35880 3.88599 4.25947 3.96262 3.94557 3.98828 3.52507
35897 3.99169 4.41962 4.21588 4.19049 4.31358 3.78189
35916 3.95076 4.41831 4.2487 4.0888 4.21325 3.70067
35934 3.97191 4.49534 4.37274 3.9506 4.1656 3.70047
35952 4.23217 4.75614 4.49893 4.28767 4.45808 3.93589
35970 4.61668 5.02114 4.72651 4.5638 4.79386 4.23125
35989 5.03242 5.35086 4.92057 4.96346 5.05333 4.37595
36007 5.4719 5.61952 5.0573 5.42485 5.25665 4.41025
36025 6.49817 6.31346 5.49655 7.14074 6.28748 4.95038
36043 7.64816 7.34503 6.42672 9.49129 8.43342 6.6918
36069 7.53648 7.63721 6.89445 9.36098 9.05054 7.4396
36087 6.62267 7.36227 7.10505 7.87914 8.07153 7.05558
36106 5.91812 6.91747 6.80547 6.49308 6.88468 6.14947
36124 5.82433 6.86006 6.80172 6.5891 6.94514 6.1694
36142 5.03739 6.23839 6.51408 5.08005 5.74612 5.39748
36160 4.52234 5.64111 5.91274 4.14083 4.58629 4.39165
36178 4.58829 5.59299 5.75047 4.12597 4.39346 3.95585
36197 4.79908 5.73925 5.79602 4.35723 4.59221 4.1949
36215 5.22553 6.12399 6.0189 4.71788 5.03149 4.53223
36233 5.80119 6.59672 6.48521 5.17307 5.44129 4.94803
36252 6.86714 7.4752 7.16976 6.34545 6.56574 5.74556
36277 8.22168 8.85901 8.32645 8.31092 8.42261 7.34359
36296 9.94201 10.5875 9.97978 10.5991 11.0666 9.8851
36313 11.5926 12.2297 11.5173 12.8768 13.7806 12.4923
36332 13.4238 13.98 12.9766 15.0261 15.8955 14.106
36351 14.3766 15.1051 14.2773 16.0022 16.8269 15.212
36369 15.4841 16.1706 15.2436 17.7591 17.9554 15.5003
36387 16.2515 16.8594 15.9586 18.8426 18.3145 15.5178
36405 17.3497 18.0726 17.0599 20.6682 19.6939 16.2588
36424 16.7856 18.0925 17.4673 19.2098 19.1972 16.9136
36442 13.8173 15.9288 15.9471 14.0763 15.5309 14.1122
36467 12.0053 14.0468 14.1799 11.6397 12.4085 11.2469
36485 11.0534 12.8647 12.8736 10.6241 10.8166 9.43457
36504 10.3536 12.0702 12.2351 10.102 10.1847 8.66341
36523 10.1322 11.7552 11.8315 9.73565 9.97313 8.54594
36541 9.74222 11.3306 11.3068 9.20605 9.58972 8.53579
36560 9.0308 10.5851 10.7379 8.10602 8.9744 8.31294
36577 8.32959 9.87861 9.91531 7.25276 7.97292 7.33938
36595 8.23452 9.46247 9.43487 7.15047 7.50075 6.5271
36613 8.84524 9.88197 9.57479 8.20325 7.98558 6.56676
36632 10.6184 11.3631 10.7637 10.8482 10.274 8.34876
36661 11.2612 12.5004 12.1274 11.9869 12.4226 11.0077
36679 9.8739 11.4763 11.4357 9.41649 10.7378 10.1919
36697 8.99686 10.742 11.0752 8.08572 9.47012 9.37592
36715 9.28846 10.8183 10.9467 8.41549 9.63818 9.36928
36732 10.7032 11.4943 10.9179 9.84528 10.7199 9.7713
36751 12.426 12.151 11.0071 11.9063 12.0095 10.237
36769 13.7577 13.084 11.5072 13.4802 13.1526 11.0148
36788 16.7784 14.2133 11.8933 17.9346 15.5959 11.9945
36807 17.421 14.5269 12.0726 22.3486 17.3452 12.6893
36825 15.5918 14.4353 12.59 23.1653 18.0983 13.3776
36850 13.1316 13.5803 12.7484 18.92 17.2769 13.8283
36869 10.4663 12.0447 12.0772 12.9441 14.1441 13.0849
36888 7.67622 9.55002 10.1287 8.10399 9.58678 9.6067
36906 5.94931 7.56983 8.21633 5.38127 6.20725 6.12298
36925 6.49245 7.55173 7.58613 5.86889 6.20873 5.53571
36943 6.83204 7.75687 7.5511 6.22477 6.68818 6.04825
36960 6.67231 7.39508 7.12218 5.56408 6.17187 5.86175
36977 7.14335 7.51647 7.04094 6.08419 6.15396 5.33758
36995 8.16134 8.40356 7.69041 7.60415 7.68661 6.46603
37014 9.20312 9.22194 8.30919 9.09195 8.85931 7.3352
37031 11.314 10.2715 8.71794 12.5461 11.486 8.97556
37056 11.1244 10.879 9.82076 13.1215 12.7135 10.8095
37075 10.8165 10.8449 9.92689 12.412 13.1806 11.6615
37095 10.3284 10.6079 9.76742 11.4175 12.4432 11.4764
37114 9.33719 9.70775 8.987 10.3585 10.6652 9.36941
37132 8.4137 9.14606 8.63022 8.76147 9.30741 8.30075
37151 7.98686 8.56068 8.17448 8.305 8.46447 7.41795
37170 7.30828 8.08564 7.70465 7.64988 8.00144 7.04626
37189 6.43757 7.29443 7.14524 6.27647 6.70825 6.03836
37207 5.449 6.43499 6.49721 5.12122 5.67009 5.23291
37226 5.02846 5.86875 5.88081 4.42656 4.67896 4.303
37253 5.1239 5.81685 5.69822 4.82415 4.67189 3.93857
37271 5.03721 5.83906 5.8172 4.82482 4.9241 4.27737
37290 5.13413 5.95521 5.94923 5.05367 5.24969 4.61949
37309 5.12972 6.17372 6.28954 4.80366 5.30227 5.03176
37327 4.96049 5.88347 5.96903 4.319 4.91066 4.65397
37346 5.49402 6.27267 6.06678 4.8625 5.28136 4.9304
37365 6.44067 7.03297 6.6256 5.79673 6.1235 5.45534
37383 8.13952 8.27591 7.50525 7.85852 7.89157 6.76799
37402 10.2526 9.92226 8.69343 10.8202 10.5344 8.72119
37420 12.4307 11.4791 9.8917 14.5513 13.3852 10.7936
37446 14.7133 13.2747 11.4131 19.851 16.7977 13.1212
37466 14.76 14.2711 12.7389 21.1397 18.5202 14.7757
37484 12.532 13.5094 12.9374 16.7598 16.5815 14.3873
37502 10.259 12.4368 12.768 13.0347 13.806 12.4144
37521 9.33618 11.7008 12.4086 10.5899 12.2866 11.8407
37540 8.51626 10.6755 11.4023 8.42935 10.4537 10.7699
37556 6.51853 8.51628 9.47932 5.68748 7.02067 7.28733
37574 5.91203 7.35663 7.71103 4.71072 5.19696 4.90901
37592 7.96967 8.47416 7.91843 7.02995 6.58435 5.27932
37610 10.3012 10.394 9.44682 10.5586 9.65104 7.68772
37628 10.447 10.9163 10.1795 9.89611 10.3271 8.9145
37657 12.3055 12.2304 11.1967 12.1098 12.1289 10.2803
37675 13.6724 13.7583 12.7454 14.5142 14.3663 12.1978
37694 14.2864 14.8949 13.9983 15.8784 16.5897 14.8847
37710 16.3284 17.0497 16.2242 19.4301 20.1878 17.8611
37728 16.8142 18.2667 17.731 19.6279 22.5519 21.4052
37746 16.2989 18.4916 18.4386 17.6315 22.2279 22.9884
37765 15.6103 17.6918 17.5577 15.416 18.9634 19.6104
37784 17.0676 17.5437 16.3059 16.2412 18.2967 17.3893
37802 21.0204 18.7148 16.2618 21.1086 19.6755 16.0451
37821 21.7746 18.8121 16.1138 23.7307 20.7269 16.3087
37847 21.1691 18.4202 15.8173 24.4149 20.2627 15.5179
37864 20.304 18.1168 15.7333 25.8749 20.7928 15.7297
37883 17.1443 16.9171 15.5678 21.8056 20.1691 16.3222
37902 13.2639 14.6013 14.1945 15.1561 16.5827 15.4479
37919 9.39322 11.3103 11.4719 9.06944 10.9821 11.2179
37937 7.75715 9.07829 9.14041 6.79727 7.90548 7.54775
37956 7.42672 8.20473 7.80092 6.55335 6.92529 6.16637
37974 7.65564 7.90934 7.23326 6.82151 6.87586 5.86153
37993 7.87384 7.62311 6.74329 7.30676 6.95218 5.71848
38011 7.80602 7.41669 6.45862 7.45786 6.99304 5.582
38037 7.48016 7.17455 6.21487 7.63957 7.05906 5.57131
38054 7.02165 6.89815 6.00069 7.65624 7.06963 5.57617
38073 6.19854 6.40949 5.82246 6.99981 6.71314 5.46201
38091 5.31082 5.8847 5.65927 6.14829 6.17488 5.32975
38109 4.41738 5.18086 5.1989 4.76541 5.20117 4.86314
38128 3.70037 4.46698 4.53842 3.66119 4.12658 3.909
38146 3.35107 3.98657 3.99252 3.11904 3.41119 3.26878
38164 3.23221 3.71637 3.62154 2.77846 2.98686 2.7395
38182 3.32223 3.65079 3.37882 2.82652 2.82114 2.48553
38201 3.6564 3.8278 3.42822 3.21558 3.03976 2.5
38219 4.43852 4.44707 3.90552 4.48215 3.96516 3.11608
38244 5.17021 5.24186 4.74866 5.99046 5.65717 4.51506
38262 5.13824 5.64667 5.29245 5.88801 6.19652 5.50046
38281 4.68699 5.51326 5.49315 5.01597 5.66329 5.32672
38299 4.48266 5.23668 5.24574 4.33504 4.80986 4.47743
38317 4.87869 5.5513 5.41739 4.83842 4.98617 4.36598
38336 5.33033 5.92718 5.72176 5.21205 5.3147 4.60009
38354 6.4534 6.90221 6.41441 6.50576 6.58022 5.54445
38372 7.3726 7.79667 7.20671 7.42206 7.95895 7.17057
38390 7.52213 8.02092 7.44322 7.24337 7.95567 7.31849
38407 7.87747 8.14183 7.45822 7.47332 7.83289 6.91504
38434 9.07599 8.88569 7.78907 9.63837 8.83489 6.99251
38452 11.3351 10.4446 8.93057 14.8569 11.8493 8.61575
38470 12.231 11.6559 10.2051 17.617 14.6008 11.1774
38489 11.0512 11.6015 10.8655 14.957 14.5837 12.4985
38508 8.60006 10.0844 10.0834 9.65685 11.0997 10.8012
38525 7.09353 8.52205 8.79534 7.04256 8.18188 8.05215
38542 6.59578 7.79213 7.75509 6.18075 6.81913 6.30117
38561 6.59639 7.45862 7.31308 6.14315 6.25959 5.47074
38580 6.90226 7.45264 7.10031 6.37932 6.27755 5.34584
38597 7.69266 7.94925 7.27253 7.32963 7.05551 5.8737
38626 8.31003 8.4054 7.60159 8.36015 8.2052 6.94444
38645 8.21593 8.51287 7.82682 8.13715 8.38988 7.40985
38663 7.91863 8.33122 7.7275 7.62126 8.02025 7.1024
38679 7.41123 7.98538 7.47129 7.26684 7.28974 6.30298
38697 7.47395 8.06116 7.54205 8.00358 7.58426 6.14674
38716 8.03172 8.58039 8.17819 9.38006 8.8533 7.16374
38735 7.68997 8.73028 8.52959 8.56894 9.1505 8.20365
38753 6.32289 7.55403 7.74598 6.12352 7.072 6.93934
38771 5.35843 6.48501 6.62693 4.72786 5.21252 4.92375
38791 5.55396 6.32611 6.19596 4.9093 4.9685 4.28256
38816 6.31965 6.84565 6.42627 6.08704 5.82793 4.72167
38834 6.70481 7.29546 6.83485 6.64223 6.61771 5.50394
38853 7.0864 7.73156 7.32053 6.81827 7.13744 6.29628
38871 7.18042 7.79667 7.35116 6.77078 7.31697 6.76872
38890 6.94427 7.44486 7.05387 6.47636 6.91201 6.20853
38907 7.30044 7.50199 6.82921 7.09789 6.96588 5.88212
38926 8.03434 7.95371 7.0688 8.50407 7.78518 6.13739
38944 8.30177 8.23658 7.34402 9.40838 8.3679 6.52236
38962 8.35454 8.47018 7.67494 9.8909 9.19523 7.33351
38980 7.39536 8.07514 7.62287 8.35258 8.64364 7.45979
38998 6.35627 7.2748 7.18232 6.5746 7.20872 6.74903
39023 5.38364 6.39918 6.43644 5.16983 5.80444 5.40279
39042 5.0476 5.82182 5.77553 4.59411 4.97189 4.48651
39060 5.0244 5.6536 5.47994 4.68453 4.79731 4.184
39078 5.12867 5.66727 5.41276 4.75904 4.80854 4.14393
39097 5.34172 5.79222 5.45788 5.05379 5.0952 4.37254
39115 5.36427 5.86132 5.56772 5.07093 5.25872 4.62048
39133 5.53561 5.90689 5.56722 5.18019 5.35047 4.68204
39151 5.74884 6.14493 5.68561 5.52013 5.64584 4.902
39169 6.11313 6.40395 5.86503 6.1627 6.06152 5.13614
39188 6.36722 6.64634 6.16986 6.56384 6.45489 5.34429
39213 6.54539 6.96424 6.44197 7.08545 6.82453 5.56091
39232 6.64625 7.20743 6.74243 7.4239 7.23972 6.11432
39250 6.39202 7.15623 6.85182 6.9459 7.10179 6.20921
39269 6.00537 6.95005 6.77683 6.25921 6.6976 6.03514
39286 5.74773 6.59561 6.53147 5.649 6.05577 5.46429
39305 5.72389 6.45723 6.29077 5.43236 5.74476 5.13345
39323 5.94184 6.54386 6.25784 5.62665 5.78747 5.04634
39341 6.47014 6.85875 6.33496 6.19916 6.12474 5.21507
39359 6.99981 7.21264 6.56541 6.78206 6.7174 5.54178
39378 7.43518 7.59004 6.88321 7.66216 7.50357 6.18537
39403 7.77054 8.04671 7.37615 8.2964 8.07477 6.77003
39422 7.82155 8.22219 7.61772 8.52278 8.43714 7.22023
39441 7.65004 8.23466 7.74287 8.29567 8.4172 7.34514
39459 7.21266 8.08538 7.77612 7.52991 8.04275 7.21859
39478 6.90488 7.80212 7.56675 6.76134 7.46842 6.8524
39495 6.83961 7.53448 7.30363 6.5693 7.02662 6.32046
39513 6.99262 7.48026 7.08512 6.58365 6.8878 6.07923
39530 7.27835 7.51671 6.86534 6.80192 6.93044 5.96798
39549 7.88253 7.85615 6.92247 7.58283 7.46907 6.19341
39568 8.35186 8.14514 7.17087 8.52956 8.03236 6.44955
39585 8.58665 8.34976 7.40685 9.27498 8.67192 6.9796
39615 8.64085 8.57306 7.72685 9.8404 9.29795 7.50018
39633 8.21988 8.7225 8.11381 9.72927 9.68573 8.32318
39649 7.17108 8.085 7.8068 7.86319 8.43545 7.67736
39667 6.49569 7.42566 7.34249 6.72662 7.24198 6.54524
39686 6.01789 7.0045 6.84951 5.97674 6.45737 5.81241
39705 5.92734 6.70275 6.57207 5.74857 5.94152 5.19844
39723 6.00455 6.70034 6.49767 5.8118 5.87173 5.03408
39742 6.15608 6.75412 6.53057 5.92562 5.94127 5.05539
39761 6.5042 7.16676 6.78493 6.37637 6.31664 5.41128
39780 6.66135 7.43846 7.21504 6.59947 6.91704 6.11436
39805 6.8771 7.61947 7.43769 6.5688 7.22828 6.79624
39823 6.95314 7.63723 7.41444 6.3835 7.11263 6.74948
39842 7.1966 7.80884 7.35795 6.46942 7.13507 6.70566
39860 8.05614 8.10917 7.29724 7.41032 7.66696 6.69069
39878 9.34402 8.7589 7.49253 9.31528 8.70868 7.00615
39896 10.6646 9.37982 7.8179 11.7492 10.0794 7.57278
39915 11.2671 9.95018 8.32631 14.0282 11.4936 8.45356
39933 10.3484 9.90768 8.62564 14.1157 12.1178 9.28824
39951 8.5851 9.11222 8.52348 11.1532 10.8887 9.16778
39969 6.84514 7.95483 7.84926 8.20113 8.96493 8.21271
39995 5.26075 6.50928 6.7808 5.48224 6.30739 6.2268
40013 4.44198 5.44575 5.63294 4.10891 4.50155 4.25152
40030 4.25914 5.05564 5.06694 3.89605 4.09191 3.63556
40049 4.4504 5.06802 4.95963 4.01547 4.14075 3.60096
40068 4.73366 5.36972 5.13705 4.38048 4.45991 3.86904
40086 4.95849 5.55676 5.28527 4.50018 4.65285 4.17935
40104 5.22072 5.85295 5.67985 4.86562 5.02617 4.40871
40122 5.82156 6.52049 6.32232 5.73502 5.87769 5.10562
40141 6.41703 7.29929 7.17337 6.50667 6.89885 6.16157
40159 7.36039 8.46506 8.43806 7.70208 8.46918 7.94543
40185 7.89689 9.33048 9.49682 8.05622 9.41881 9.29841
40203 8.1696 9.91778 10.1275 7.74615 9.32517 9.33572
40221 9.55439 11.1363 11.1444 9.18734 10.6138 10.1859
40239 11.3661 12.7612 12.4619 11.1836 12.4522 11.5773
40257 15.2544 15.7993 14.6687 15.8765 16.4831 14.6947
40276 20.356 19.6444 17.786 23.3697 22.7652 19.4557
40295 24.0385 22.8128 20.5258 28.7782 27.9118 24.207
40312 29.1474 26.0337 22.975 35.3441 33.7674 28.534
40331 32.6662 28.4532 24.8868 42.887 38.6994 32.1366
40349 36.1582 30.738 26.4328 48.8668 42.6259 34.9936
40368 36.6381 31.1054 26.6898 48.7544 42.4158 34.7734
40393 32.5888 29.1429 25.8461 41.2327 37.2157 30.9347
40411 26.5726 25.6988 23.4356 30.7612 29.5573 24.9339
40430 23.7937 23.9115 22.5227 27.4362 26.1666 22.1659
40448 20.2799 21.5051 20.8178 21.3165 22.1526 19.7199
40466 15.9044 18.4787 18.597 15.8912 17.7656 16.348
40484 13.6746 16.1314 16.3889 12.5541 14.3819 13.7166
40502 13.2529 14.7797 14.4885 11.8622 13.1443 12.028
40521 12.877 14.1202 13.6047 11.5408 12.4914 11.4672
40539 12.317 12.9249 12.1421 10.7628 11.1414 9.89338
40557 14.2025 13.4181 11.9194 12.324 11.996 9.96622
40583 16.4174 14.4866 12.3808 16.9744 14.5935 11.4329
40602 14.1969 13.6586 12.3069 14.6629 14.2547 11.9649
40620 13.5601 13.2683 12.0217 14.5498 13.5554 11.0346
40639 13.2926 13.3123 12.2344 15.9237 14.4785 11.6428
40658 10.6804 11.9489 11.804 12.644 13.2341 11.5608
40677 9.18629 10.7535 10.9178 9.7603 10.8672 10.1031
40695 7.8107 9.3458 9.6074 7.51915 8.73331 8.38239
40714 6.89306 8.14601 8.25877 6.1654 6.86533 6.39027
40732 6.68556 7.56534 7.43505 5.88044 6.06782 5.29743
40748 7.27453 7.79124 7.27198 6.62383 6.2935 5.21223
40777 8.21757 8.40521 7.6583 8.11193 7.56736 6.06504
40795 8.98235 9.12061 8.28832 9.19333 8.95242 7.40283
40814 8.74725 9.10978 8.41829 8.61288 9.07454 8.03541
40832 8.18175 8.78087 8.23436 8.03358 8.47446 7.624
40850 7.89312 8.38695 7.82993 7.54065 8.01804 7.1679
40869 8.18777 8.40641 7.67855 8.18926 8.13625 6.94792
40887 8.3535 8.45041 7.64482 8.53656 8.31012 6.99746
40905 8.24069 8.33924 7.54142 8.47771 8.20152 6.85629
40923 8.27392 8.37323 7.57381 9.07622 8.66947 7.08902
40941 7.46615 7.95875 7.38858 7.99372 8.10539 7.03249
40960 6.59314 7.24514 6.83996 6.69968 6.95741 6.09763
40985 5.73956 6.45636 6.27496 5.72746 5.86443 5.09018
41004 5.46639 6.18932 5.95952 5.42132 5.56185 4.84513
41022 5.31933 6.09629 5.893 5.47867 5.71582 5.04911
41041 4.58049 5.4196 5.43301 4.21962 4.57676 4.29645
41059 4.39813 5.09338 5.0527 3.89382 4.14749 3.72497
41077 4.52545 5.11566 4.98265 4.14114 4.21234 3.65992
41096 4.78336 5.40387 5.1452 4.48944 4.49453 3.84159
41113 5.1301 5.72493 5.51988 4.96453 5.04044 4.35452
41132 5.66634 6.32931 6.02767 5.60192 5.80917 5.10152
41151 5.95137 6.73749 6.61618 5.85966 6.28809 5.7989
41176 6.39466 7.32227 7.23774 6.32362 6.99485 6.47251
41195 7.11084 8.13637 8.03805 7.03106 7.71622 7.09898
41213 7.88598 8.98994 8.78738 7.94114 8.75067 8.07758
41231 9.08831 10.0937 9.72182 9.29027 9.74433 8.73861
41249 11.0066 11.7428 11.1187 11.6805 12.0158 10.3819
41268 12.7298 13.4829 12.7669 13.8898 14.6228 13.1977
41286 14.009 14.77 13.9789 14.7465 15.8442 14.4481
41304 15.9003 16.2106 14.863 17.0237 17.6769 15.5748
41323 18.1614 17.7234 16.059 19.8849 19.6033 16.6981
41341 18.9837 18.2972 16.4519 20.7513 20.2302 17.2253
41366 19.374 18.6773 16.7808 21.7263 19.9139 16.0563
41385 21.0336 19.1324 17.0067 24.9204 20.8364 16.0127
41403 21.9835 19.8623 17.3434 28.2718 22.5059 16.9497
41422 18.3049 18.9002 17.9178 21.7022 20.702 17.4012
41440 15.0306 16.9008 16.7222 16.9142 17.5292 15.4315
41458 11.7882 14.2091 14.6133 11.7521 13.0903 12.0355
41477 10.8077 13.0095 13.487 10.5058 11.6649 10.8298
41495 10.2062 12.1986 12.6275 9.55714 10.7389 10.066
41513 9.18664 11.1059 11.3432 7.97977 9.21475 8.83399
41532 9.15771 10.611 10.6677 7.72 8.40589 7.66472
41550 10.0263 10.8632 10.516 8.59193 8.96236 7.86282
41575 11.6533 12.0344 11.1681 11.3676 10.968 9.24491
41594 13.4093 13.3015 12.155 13.0476 12.6725 10.7836
41613 13.5793 13.569 12.4922 13.6275 13.5384 11.4684
41632 12.7253 13.3267 12.5202 13.0624 13.2767 11.4492
41652 12.5474 13.0527 12.1973 13.2342 12.663 10.4798
41671 13.8234 14.0326 12.8329 15.6016 14.6028 11.9813
41691 13.3194 14.03 13.0975 14.8282 14.9903 12.9348
41710 11.1822 12.6282 12.3941 11.6333 12.5056 11.4218
41725 10.1253 11.4769 11.2406 9.70041 10.4528 9.44126
41744 9.75618 10.8055 10.6142 9.43764 9.73279 8.61301
41774 9.23809 10.3742 10.0491 8.77012 9.27724 8.24169
41791 9.63834 10.3413 9.78329 9.13764 9.5049 8.44047
41810 9.5249 10.1218 9.50846 8.89399 9.43465 8.49596
41828 8.91982 9.28396 8.5835 7.96753 8.24367 7.28279
41848 9.17635 9.07527 8.09599 8.51087 8.11575 6.68923
41866 10.0646 9.39179 8.16133 10.3329 9.01387 6.93574
41885 10.4059 9.84616 8.51738 12.2427 10.494 8.00606
41902 9.59455 9.61274 8.74894 11.6088 10.7979 8.72402
41921 8.31888 9.0553 8.56015 9.47389 9.96257 8.71967
41940 6.53712 7.53527 7.51375 6.61134 7.56812 7.17849
41966 5.35637 6.35987 6.39206 5.03603 5.61896 5.2347
41984 5.2198 5.87623 5.72444 4.80897 4.85165 4.17394
42003 5.6761 6.16432 5.76832 5.61141 5.35695 4.45308
42021 5.59976 6.127 5.76696 5.42598 5.39406 4.62911
42040 5.54101 6.0724 5.72635 5.34682 5.34183 4.59548
42058 5.37249 5.91389 5.65922 5.14595 5.25739 4.55997
42076 5.50386 6.05126 5.72114 5.37414 5.36318 4.61239
42094 5.70572 6.26272 5.89713 5.73726 5.63184 4.64229
42111 5.86731 6.5243 6.28816 6.09645 6.00142 5.0817
42130 6.30575 7.07765 6.7945 6.53182 6.65632 5.74004
42156 6.46345 7.37239 7.27036 6.62196 6.98528 6.20836
42173 6.3337 7.49883 7.63068 6.18251 6.81441 6.29191
42192 6.6564 7.75116 7.63578 6.32578 6.68088 5.9521
42210 7.26369 8.35101 8.30864 7.08188 7.26721 6.39063
42228 8.15938 9.40641 9.39705 8.11303 8.38787 7.42329
42245 9.11321 10.4693 10.4344 9.13267 9.5627 8.54251
42263 10.4744 11.9325 11.8502 10.748 11.5426 10.2724
42281 11.9097 13.4753 13.4709 12.1813 13.3497 12.0756
42299 12.4267 14.7054 15.0833 12.4589 14.5285 14.0675
42317 13.9567 16.3802 16.5646 13.8755 16.2552 15.8218
42334 15.3842 17.8452 17.9895 15.2546 18.0865 17.8102
42360 17.1667 19.6933 19.7704 16.4539 19.8743 19.9128
42377 19.0448 20.873 20.454 17.9689 21.0033 20.4459
42396 23.2788 23.3544 21.897 22.9476 24.0791 21.6473
42414 29.9434 26.5893 23.4214 30.3078 29.3366 24.8747
42432 36.3201 30.4955 26.1137 40.406 36.5987 30.4897
42449 39.831 32.4485 27.8507 45.0061 39.5867 32.6169
42466 39.9743 32.7681 28.2381 44.6909 39.6206 33.2158
42484 38.5312 32.0899 27.774 45.1981 38.4119 31.0842
42502 34.6462 30.6936 26.8558 40.7259 35.7457 29.7753
42520 27.6528 27.6082 25.7294 30.3341 30.0329 26.2486
42544 22.4481 24.8468 24.5946 24.1967 26.4212 24.3862
42563 17.1738 21.4243 23.1102 16.923 21.0663 21.624
42581 15.0261 19.2724 21.1843 13.9286 18.3743 20.0183
42599 12.3297 15.8655 17.2987 10.4218 13.5242 14.5345
42616 11.1375 14.0691 15.0832 9.23834 11.132 11.351
42631 11.4365 13.0943 12.9389 9.40262 10.327 9.49444
42649 13.2484 13.629 12.7641 11.5072 11.4584 9.71149
42667 15.8429 15.4479 14.1093 15.2075 14.445 11.9579
42684 19.3746 16.7345 14.2558 15.0685 16.1684 14.7737
42701 19.1082 16.7387 14.3581 19.3362 17.8191 14.5351
42729 12.8802 13.6738 12.975 10.5847 12.7315 12.9313
42746 11.2858 12.2406 11.8974 9.77976 10.821 10.0055
42763 15.9817 14.5669 12.5918 20.8307 16.6517 12.6177
42780 13.4394 13.455 12.3843 17.3273 15.4874 12.1219
42795 11.3365 12.2669 11.9088 13.2123 13.4098 11.5441
42814 9.01473 10.4873 10.563 9.48957 10.7445 10.137
42831 7.65705 9.02448 9.01587 6.9398 7.94452 7.56043
42850 6.19394 7.34198 7.4594 5.45396 6.12084 5.86914
42868 5.98237 6.86072 6.65981 5.13622 5.37649 4.85224
42883 6.45918 6.84669 6.32449 5.79466 5.72842 4.72877
42900 6.50233 6.73507 6.23791 5.962 5.8675 4.90621
42929 6.60609 6.84879 6.21887 6.27166 6.12375 5.16618
42946 6.73554 6.93441 6.25504 6.63356 6.58519 5.46749
42964 6.3998 6.64442 6.0613 6.3183 6.53662 5.72006
42980 6.02628 6.42347 5.90904 5.96386 6.20274 5.44946
42997 5.98673 6.27154 5.70562 5.94721 6.05535 5.22338
43016 5.82618 6.13628 5.61597 5.89091 5.9339 5.07138
43034 5.56955 5.86703 5.46754 5.59557 5.56484 4.64641
43052 5.336 5.74237 5.29547 5.56407 5.36278 4.49221
43070 5.25116 5.71294 5.3895 5.63744 5.56038 4.6144
43088 4.90099 5.55183 5.39853 5.13607 5.32744 4.67959
43113 4.5462 5.22274 5.16407 4.44529 4.85837 4.44862
43131 4.10435 4.80625 4.76797 3.77159 4.0963 3.75851
43148 4.0198 4.59931 4.52351 3.58856 3.77355 3.36968
43166 4.38008 4.85752 4.57228 3.98426 3.9982 3.50872
43184 4.69024 5.11392 4.83499 4.41716 4.45926 3.84048
43202 5.10283 5.51226 5.11439 4.85179 5.01964 4.40905
43219 5.37858 5.81074 5.45988 5.07721 5.32567 4.72259
43236 5.84986 6.22888 5.74026 5.73068 5.91747 5.17376
43255 6.37234 6.56209 5.95184 6.30874 6.27734 5.39155
43272 6.91432 7.05341 6.37168 7.36881 7.07592 5.88095
43296 7.52233 7.61438 6.86782 8.55217 8.01429 6.4133
43315 7.88242 8.11281 7.41001 9.28655 8.76845 7.10275
43332 7.87027 8.43253 7.91494 9.40642 9.29315 7.8865
43350 7.24618 8.19033 7.91423 8.07365 8.46365 7.57792
43367 6.5441 7.54529 7.52646 6.67101 7.1519 6.44273
43385 6.36381 7.32536 7.27194 6.26866 6.67426 5.98872
43403 6.44498 7.38616 7.31358 6.15764 6.5877 5.93816
43420 6.61579 7.49854 7.37151 6.31944 6.62263 5.86117
43438 7.20292 7.62103 7.19577 6.6311 6.82671 5.93883
43456 7.44204 8.2404 7.84491 7.11903 7.51125 6.56218
43481 8.13125 8.91916 8.48962 7.70423 8.27647 7.4611
43498 8.63179 9.34585 8.86055 8.18806 8.9655 8.22524
43516 8.35889 9.31644 8.93906 7.67615 8.27759 7.48709
43534 8.88564 9.57994 9.19575 8.62302 8.75326 7.4185
43552 10.0822 10.6387 9.9719 10.3436 9.77607 8.15925
43569 11.3049 12.2594 11.9191 12.5208 12.823 11.3036
43586 11.0716 12.6356 12.493 11.6999 13.5603 13.0743
43605 9.83751 11.4174 11.3705 9.03607 10.7216 10.6887
43623 9.31303 10.5314 10.2396 8.35136 9.38631 8.79773
43641 12.1434 11.7024 10.4429 11.5834 10.7539 8.67596
43658 14.2373 13.0792 11.2935 15.7892 13.5739 10.3069
43683 16.7578 14.5669 12.3634 20.4941 16.4908 12.5043
43701 19.5125 17.2108 14.8327 25.2301 20.5416 15.5551
43719 17.5241 16.6519 14.7813 21.4043 20.316 16.9955
43736 15.6928 16.1241 14.8607 18.8708 18.8791 16.3231
43753 11.9782 14.0638 14.2287 12.4741 15.5532 15.8288
43771 11.1599 12.8698 12.7979 10.8193 12.8607 12.9409
43789 10.9642 12.0945 11.865 10.6007 11.9936 11.3173
43806 9.78605 10.8076 10.5951 8.7778 9.99896 9.39879
43824 9.51364 10.0098 9.33858 8.44529 8.4798 7.34585
43842 9.81742 9.90601 8.89597 9.17098 8.69302 7.06693
43870 10.2881 10.0041 8.77999 10.5507 9.65716 7.83546
43884 10.1669 9.85773 8.65482 10.9818 10.2823 8.28188
43903 9.03298 8.97601 8.02998 9.37972 9.34973 8.00209
43922 7.82198 8.11033 7.44341 7.68638 8.06765 7.12601
43940 6.3081 6.68921 6.29491 5.99127 6.24604 5.49773
43957 5.81517 6.14773 5.6415 5.6298 5.5521 4.60869
43976 5.55255 5.81623 5.38443 5.64331 5.35011 4.42208
43993 5.22047 5.56846 5.11509 5.58243 5.3517 4.46293
44012 4.88125 5.33889 5.01088 5.10393 5.21843 4.53042
44029 4.00541 4.58876 4.51642 3.90108 4.29751 3.95387
44055 3.44702 4.01809 3.995 3.13989 3.40005 3.22816
44072 3.28534 3.76965 3.66398 2.93663 3.08431 2.75002
44090 3.32397 3.75623 3.59949 3.03612 3.16465 2.78556
44107 3.38637 3.79179 3.59994 3.1318 3.24131 2.92417
44125 3.5102 3.82938 3.59668 3.18089 3.27223 2.94061
44143 3.58573 3.89505 3.65293 3.28008 3.30553 2.85845
44161 3.7822 4.14277 3.83625 3.67065 3.6684 3.14789
44177 4.11088 4.42098 4.11577 4.15584 4.11736 3.49967
44195 4.45104 4.93589 4.71279 4.77496 4.9758 4.39881
44214 4.45475 5.04966 4.92159 4.5661 5.06464 4.66172
44231 4.17434 4.85358 4.78119 3.88912 4.37239 4.17987
44256 4.21717 4.81411 4.59865 3.82085 4.00345 3.6715
44273 4.6344 5.01783 4.70482 4.18282 4.21461 3.63217
44292 5.4702 5.62399 5.06506 5.22394 5.07416 4.20646
44309 6.31088 6.28217 5.56066 6.33866 6.03887 4.98452
44327 6.26106 6.36426 5.71594 6.14502 6.00976 5.06357
44345 6.43979 6.48224 5.78946 6.4541 6.06574 4.95287
44362 6.84901 7.02375 6.36559 7.68813 7.01603 5.4899
44380 6.82207 7.30385 6.81412 8.11713 7.73142 6.27863
44397 6.20369 7.18674 7.15411 7.05596 7.49374 6.70428
44415 5.61193 6.87383 7.12517 5.77643 6.63744 6.3157
44440 4.72275 5.90579 6.30434 4.362 5.07221 4.9966
44458 4.53535 5.56185 5.74957 3.87435 4.29229 3.97059
44476 4.75644 5.62515 5.62792 4.1136 4.25827 3.75277
44494 5.24093 5.95365 5.85116 4.7116 4.6597 3.98768
44511 5.96159 6.61802 6.38053 5.48286 5.35328 4.52815
44529 6.84211 7.54629 7.32429 6.62145 6.78505 5.87806
44546 7.70018 8.56019 8.39188 7.70427 8.14552 7.24132
44564 8.0712 9.35102 9.37278 8.27598 9.30678 8.72889
44582 8.53979 10.005 10.0047 8.4007 9.95927 9.7516
44600 8.91773 10.4874 10.6552 8.39293 10.1349 10.0637
44624 9.7048 11.0932 10.9587 9.00983 10.4448 10.055
44643 11.4367 12.2025 11.5739 10.771 11.664 10.4241
44661 13.4426 13.5918 12.6014 13.2834 13.423 11.5187
44678 17.3582 15.8834 13.8429 18.9061 16.5423 13.1569
44695 18.5796 16.8784 14.7342 21.5415 18.1348 13.8853
44714 19.5894 18.0653 15.8747 24.0614 19.9202 15.241
44732 18.9984 18.5924 17.0389 24.7184 21.1838 16.7751
44749 16.601 18.0615 17.5395 21.1974 20.584 17.5027
44767 13.2662 16.2156 17.0591 14.461 17.2565 17.0936
44784 11.0744 14.0527 15.1259 10.548 13.4957 14.0809
44802 9.55193 11.7872 12.4507 8.29978 9.77252 9.78785
44828 9.58098 11.1274 11.1096 8.08861 9.11089 8.56084
44845 10.1372 10.7508 10.1141 8.52769 8.85083 7.61609
44863 11.9474 11.7605 10.6384 10.66 10.6638 8.99182
44882 15.9345 13.6298 11.4405 14.1664 13.8511 11.5759
44898 19.7981 14.8368 11.7994 21.751 17.5403 13.1233
44915 14.689 12.8262 10.8389 14.6881 13.7814 11.2837
44933 15.1311 12.9966 10.9032 17.7295 15.0067 11.4074
44951 15.6582 13.4026 11.2435 25.8216 19.1056 13.8728
44968 11.9551 11.5544 10.1919 16.3198 15.6928 13.1171
44986 9.65011 10.1486 9.47148 11.4568 12.3343 11.2557
45015 7.12806 8.08002 7.83138 7.7383 9.0805 8.73531
45033 5.08847 5.86 5.8109 4.71253 5.17519 4.86267
45050 4.79227 5.42946 5.17611 4.45903 4.49741 3.86894
45065 4.76156 5.19579 4.92508 4.74775 4.51802 3.74319
45083 4.45443 4.97445 4.78169 4.41985 4.42424 3.78343
45101 4.16394 4.72775 4.51515 4.00054 4.17424 3.66748
45119 3.70227 4.29957 4.22727 3.42422 3.63269 3.24922
45138 3.60601 4.16505 4.08028 3.31887 3.53253 3.18939
45155 3.68964 4.20764 4.07083 3.43889 3.64233 3.2509
45174 3.99337 4.41237 4.20103 3.71623 3.86938 3.50242
45199 4.28081 4.72909 4.41652 4.00011 4.24221 3.77466
45216 4.66022 5.02187 4.68972 4.50563 4.60052 3.99593
45235 5.26865 5.57543 5.09109 5.43255 5.25807 4.40767
45252 6.38152 6.4488 5.77317 7.33306 6.72668 5.30318
45270 6.69379 7.08051 6.51139 8.27993 7.82785 6.3166
45287 6.66623 7.33359 6.92226 8.09135 8.01738 6.81673
45305 6.44138 7.44954 7.43786 7.55541 7.88839 6.93767
45323 6.19972 7.42592 7.61434 6.75814 7.56321 7.01485
45341 5.82664 7.26405 7.62984 5.84871 6.81031 6.52696
45358 5.65291 7.04225 7.40082 5.1437 5.98581 5.86452
45384 5.76797 7.09828 7.37905 5.02976 5.79178 5.52178
45402 6.19952 7.35041 7.47037 5.24309 5.99744 5.7623
45419 6.9489 7.8444 7.59945 5.82075 6.25378 5.76776
45436 8.62824 9.03075 8.36878 7.6858 7.70097 6.42986
45454 10.3476 10.4859 9.56257 10.4845 10.2005 8.46105
45472 12.6526 12.1553 10.8947 13.6189 12.831 10.707
45490 14.5955 14.1699 12.6785 15.9079 16.4104 14.539
45508 15.236 14.8654 13.499 16.8547 17.968 16.1078
45525 15.3242 15.1578 13.9216 16.5518 18.1863 16.9359
45543 15.8507 15.7142 14.2362 16.5162 18.4323 17.4117
45561 17.4846 15.3185 13.0854 18.661 18.7301 16.2183
45586 18.5895 15.235 12.678 20.9546 18.483 14.8024
45603 19.3869 15.1737 12.3618 23.6788 18.9207 14.4157
45621 17.3 14.2761 11.788 22.204 18.3765 13.935
45639 14.6678 12.8475 10.874 18.5797 15.8345 12.108
45656 11.0634 10.9047 9.89295 13.8792 13.1213 10.7234
45674 7.86388 8.7937 8.49657 9.41843 9.6908 8.55529
45692 5.85178 6.93643 6.89471 6.14359 6.53948 5.87021
45709 4.89592 5.9099 6.16059 4.78206 5.14682 4.66654
45727 4.45077 5.47479 5.67797 4.24833 4.60284 4.32137
45745 3.9253 4.79502 4.93892 3.57696 3.93526 3.76328
45770 3.64562 4.30801 4.30255 2.98737 3.2338 3.01275
45787 3.76156 4.26178 4.09502 3.0313 3.19584 2.83709
45805 4.19216 4.42759 4.00017 3.50079 3.40954 2.92185
45823 5.16234 5.02395 4.34671 4.97507 4.58757 3.7146
45841 5.84609 5.60047 4.80869 6.41119 5.74273 4.44825
45859 6.33657 6.16158 5.2888 7.55802 6.87304 5.37364
45876 6.31552 6.50901 5.90468 8.04577 7.68526 6.25687
45893 5.7108 6.44862 6.28628 7.00494 7.32631 6.54018
45912 5.19127 6.13629 6.06821 5.85558 6.47722 5.96972
45930 4.61013 5.5968 5.73387 4.79321 5.27377 4.98389
45954 4.36029 5.34342 5.52946 4.25838 4.65065 4.40809
45972 4.26318 5.16197 5.26081 3.96374 4.38484 4.11566
45991 4.49136 5.11394 5.00933 3.90962 4.18696 3.77224
46009 4.68604 5.19423 4.98837 4.11615 4.20305 3.6641
46027 5.10523 5.47173 5.05132 4.49717 4.42924 3.73321
46044 6.12629 6.23447 5.59808 5.86824 5.38632 4.33835
46063 7.06524 7.20514 6.51409 7.88677 7.20868 5.82117
46079 7.53028 7.74494 6.92012 8.67229 8.19043 6.70197
46096 7.88535 8.3335 7.75156 9.42987 9.19856 7.59943
46114 7.73708 8.4597 8.17064 9.02424 9.06964 7.65623
46131 7.64205 8.56369 8.44288 8.41507 9.01968 8.11685
46160 7.65768 8.58776 8.47724 7.88753 8.41459 7.62539
46178 7.66092 8.74337 8.57223 7.58543 8.20636 7.44545
46193 7.8351 8.96447 8.78619 7.52973 8.17658 7.44331
46212 8.91785 9.32586 8.65041 8.28612 8.66188 7.53066
46230 9.55626 9.56693 8.69677 9.38724 9.1214 7.51992
46248 10.0344 10.1158 9.17637 10.4449 9.57738 7.64123
46265 11.5504 11.5512 10.466 12.8456 11.5145 8.93675
46283 12.1481 12.4426 11.3919 14.8719 13.812 11.2339
46298 11.6406 12.5546 11.9155 14.0549 13.8071 11.5829
46316 9.99828 11.6341 11.5895 11.1411 12.2044 11.1827
46345 9.34411 11.475 11.9578 9.60842 11.1215 10.9043
46363 8.78066 10.8125 11.4177 8.40783 10.0903 9.97002
46381 8.174 10.0529 10.485 7.43606 8.62501 8.28836
46399 8.52582 10.017 10.0343 7.60905 8.07632 7.20696
46416 10.1182 11.4251 11.1639 9.52688 10.081 8.84351
46433 11.5543 12.7879 12.3564 10.9862 11.7712 10.4139
46451 11.2807 12.6215 12.3058 10.6082 11.7584 10.8982
46468 11.862 12.8934 12.3861 10.4235 11.8525 11.2352
46486 12.7978 13.3767 12.5532 11.7212 12.4674 11.2881
46504 15.4013 14.4619 12.7082 14.8012 14.1205 11.7053
46530 14.3193 14.5161 13.3679 13.8331 13.852 11.7838
46548 19.2573 16.9641 14.6007 22.4976 19.0563 14.9625
46565 19.4739 17.0119 14.5849 23.8525 19.904 15.2966
46583 17.3116 16.2379 14.3302 20.905 18.2661 14.509
46600 14.7928 14.7724 13.5877 16.6973 16.0498 13.4325
46618 13.5555 13.6096 12.5698 14.7414 14.2039 11.8534
46635 12.2822 12.6748 11.6232 13.2218 12.7984 10.8961
46654 11.3631 11.7458 10.8953 12.0523 11.8605 9.94171
46671 9.84366 10.3931 9.73506 10.1444 10.0178 8.41034
46689 9.00112 9.60674 9.15853 9.13582 8.73433 7.14237
46714 8.71328 9.5862 9.34074 9.11416 8.99875 7.50997
46732 8.11274 9.34886 9.32958 8.67006 9.17324 8.15301
46749 7.1923 8.5763 8.80792 7.1322 8.12564 7.83494
46767 6.42106 8.0126 8.44115 5.84368 6.96271 6.96141
46785 5.8476 7.05667 7.21051 4.86327 5.74804 5.72804
46803 5.93928 6.69041 6.5379 5.04243 5.25494 4.63664
46821 6.72296 7.10663 6.53006 5.95408 5.85442 4.89134
46838 8.86766 8.24743 7.10545 8.58971 7.64194 5.90144
46855 9.95617 9.1186 7.73013 11.1474 9.65023 7.41475
46873 10.1182 9.38741 8.12699 11.4533 10.4688 8.34832
46891 9.95645 9.44108 8.29412 12.0077 10.939 8.72673
46916 8.95544 9.16318 8.37189 10.8937 10.7145 8.92439
46933 7.33392 8.17543 7.8251 8.01168 8.74854 8.01157
46951 6.98337 7.79221 7.49234 7.50083 7.91609 7.03102
46969 6.1335 7.00524 6.81043 6.36078 6.6988 5.95258
46986 5.70718 6.45249 6.2969 5.75167 5.93059 5.17818
47004 5.37895 6.16468 5.94444 5.20267 5.26225 4.52357
47022 5.04645 5.71664 5.5788 4.84618 4.85956 4.15763
47040 5.01008 5.68469 5.55115 4.88576 4.89657 4.18595
47056 4.92341 5.6166 5.50034 4.79743 4.88399 4.2346
47074 4.75695 5.57198 5.5274 4.57448 4.7908 4.21608
47098 4.75324 5.61266 5.60792 4.53078 4.84318 4.3419
47116 4.97314 5.79628 5.79385 4.6731 5.05913 4.61125
47134 5.17118 6.05105 5.9558 4.78338 5.16123 4.68856
47152 5.58316 6.38415 6.27953 5.13432 5.58106 5.07519
47171 6.1335 6.8798 6.61689 5.75877 6.07457 5.40642
47190 7.36867 8.0551 7.61176 7.23261 7.55442 6.54246
47208 8.73408 9.40811 8.89422 9.14101 9.65644 8.6962
47226 9.72387 10.315 9.68755 10.2547 11.035 10.0853
47241 10.9927 11.3991 10.5814 11.6299 12.4143 11.2645
47260 12.6847 12.8131 11.5912 14.0002 14.6522 13.1639
47288 13.7551 13.553 12.3731 15.554 16.2294 14.4961
47306 15.0339 14.0791 12.3681 17.1239 16.8531 14.6377
47324 15.8362 14.6404 12.7515 18.5237 17.4538 14.4373
47341 15.9084 14.4118 12.4208 18.3992 17.2111 13.9735
47359 15.6316 13.7212 11.8186 19.0568 16.1712 12.5611
47377 14.8454 13.7008 12.1298 18.7075 16.1798 12.7219
47395 13.5787 12.7469 11.1463 16.7762 15.4044 12.4666
47411 10.2243 10.6444 9.89104 11.8589 12.1043 10.3974
47437 8.81165 8.83 7.85214 9.09288 9.02421 7.55625
47455 7.33973 7.86397 7.33613 7.68561 7.30517 6.04573
47473 6.48105 6.954 6.47384 6.5761 6.1173 4.95704
47498 5.87302 6.6467 6.51497 6.25846 6.00737 4.98567
47516 5.45239 6.2967 6.23208 5.52608 5.89539 5.30272
47534 5.04266 5.67154 5.4974 4.47888 4.82995 4.37083
47552 4.48321 5.15658 5.09595 3.90965 4.26021 3.88727
47570 4.3365 4.81812 4.54397 3.56603 3.65029 3.19566
47587 4.60195 5.34843 5.22025 4.19751 4.30408 3.7617
47605 5.02697 5.92367 5.98539 4.95705 5.22588 4.65667
47622 5.54009 6.52557 6.58649 5.68685 6.09124 5.49145
47640 5.29872 6.43293 6.59418 5.41406 5.97418 5.52099
47658 5.14779 6.5609 7.11072 4.82399 5.91292 6.11977
47687 5.28711 6.6714 7.17947 5.03913 5.99205 6.01037
47705 5.61175 7.04486 7.45187 5.20366 6.10566 6.03675
47720 5.77885 7.09422 7.35912 5.11322 5.86449 5.55677
47738 7.14012 8.31995 8.36369 6.09753 6.84517 6.41346
47756 8.56044 9.58801 9.46207 7.47628 8.23758 7.59156
47775 9.92585 10.8355 10.5403 9.35545 10.2577 9.41768
47793 12.5641 13.0377 12.1625 12.565 13.2212 11.6026
47811 17.5913 16.9215 15.3325 19.5776 19.4712 16.7084
47829 23.3274 21.9073 19.6376 29.2801 28.5612 24.4034
47847 29.8659 25.1413 21.2754 38.9594 35.0103 29.2381
47872 29.8957 26.3696 23.1444 42.3666 36.957 30.162
47890 32.9587 28.5816 24.949 45.5609 43.5953 38.0959
47908 32.2995 28.446 25.016 48.4673 41.0404 33.1512
47926 26.6979 26.5214 24.8654 36.4413 35.696 31.505
47944 23.7993 24.6358 23.228 29.5513 30.8584 27.9565
47961 21.0233 22.3789 21.3116 22.3742 25.5161 24.1654
47979 17.39 19.178 18.8273 16.8326 19.9227 19.6169
47997 13.881 15.8489 15.7671 12.9036 14.6787 14.0652
48015 12.3514 13.7217 13.6037 11.0336 12.0921 11.0862
48033 12.6693 13.4387 12.7356 12.064 11.941 10.0466
48058 12.0155 13.0684 12.5666 11.7007 11.9269 10.2461
48076 10.7729 11.7702 11.3118 10.1031 10.526 9.31779
48093 9.59976 10.8227 10.7696 8.66498 9.44706 8.62396
48111 8.87607 9.57538 9.1943 8.04955 8.24793 7.23275
48129 8.74605 9.27612 8.67981 7.92618 8.02866 6.95085
48147 9.00902 9.11605 8.26451 8.26199 8.05315 6.75775
48165 8.83342 8.87391 7.89686 8.58036 8.13 6.55052
48182 8.75992 8.50925 7.56732 8.93679 8.2981 6.77919
48200 8.66769 8.42951 7.48992 9.33301 8.69502 6.97773
48218 7.83658 7.98088 7.23302 8.254 8.2574 7.10605
48236 6.73402 7.21616 6.69086 6.8109 7.09657 6.23491
48260 5.74465 6.28289 5.89958 5.6918 5.80394 5.02061
48278 5.36636 5.78066 5.41421 5.47742 5.37965 4.5737
48297 5.07272 5.48543 5.09538 5.07292 5.1897 4.50865
48315 4.47683 4.92196 4.60067 4.24257 4.40821 3.89143
48332 4.09888 4.47866 4.23261 3.74824 3.82499 3.33351
48349 3.87059 4.23339 3.93464 3.65826 3.67346 3.16467
48367 3.7655 4.15439 3.86756 3.62791 3.64535 3.14324
48386 3.70007 4.13212 3.88985 3.589 3.6723 3.21302
48403 3.61506 4.1371 3.96903 3.56267 3.74838 3.34955
48421 3.46969 3.94863 3.84888 3.29498 3.55129 3.23989
48446 3.35864 3.90733 3.83983 3.14875 3.30946 3.04255
48463 3.4596 3.93582 3.83398 3.19667 3.31669 3.01358
48482 3.6604 4.15371 3.95533 3.38602 3.4279 3.06118
48500 4.03714 4.47349 4.27623 3.82549 3.89588 3.38707
48516 4.26987 4.82369 4.56763 4.24582 4.36783 3.82556
48534 4.63309 5.20365 5.05233 4.50217 4.92333 4.49758
48552 5.30911 5.94096 5.76656 5.22737 5.72602 5.21803
48570 5.50821 6.24012 6.00667 5.16494 5.86121 5.49991
48588 5.83469 6.36446 5.95859 5.4652 5.76955 5.14728
48606 7.11054 7.57536 7.17803 7.08475 7.26858 6.39096
48631 8.09044 8.47394 7.84363 8.48422 8.92188 7.8891
48649 8.82247 9.03648 8.25637 9.57035 9.34927 7.86426
48667 9.56188 9.57241 8.70247 10.2782 10.0465 8.37132
48685 10.7162 10.6209 9.62526 11.7925 11.6352 9.78515
48703 10.8736 10.6281 9.55481 12.0903 11.5572 9.49716
48721 11.1409 10.8863 9.82361 13.046 11.8248 9.40713
48740 11.1108 11.3212 10.253 13.1249 12.3524 10.1018
48758 10.2245 11.0673 10.5123 11.8376 11.861 10.0718
48776 8.93701 10.1321 9.89902 9.53994 10.1884 8.98098
48791 8.28871 9.58353 9.61806 8.47615 9.1846 8.34378
48809 7.51535 8.85508 8.8026 7.51523 7.88899 6.97318
48837 7.17658 8.2565 8.2079 6.93474 7.11258 6.23457
48855 7.14584 8.28373 8.28876 6.93414 7.03175 6.10146
48873 7.18716 8.27459 8.23284 6.793 7.04833 6.17012
48891 7.02476 8.09296 8.03454 6.60441 6.94511 6.15661
48909 6.87265 8.08726 8.16482 6.38094 6.8144 6.12673
48926 7.19745 8.24391 8.16431 6.63209 7.11107 6.40769
48943 7.40814 8.43282 8.33175 6.91976 7.49818 6.82868
48961 7.66801 8.55855 8.41322 7.1323 7.64956 6.90021
48979 8.30092 9.05209 8.5688 7.71092 8.01884 7.02304
48998 9.55736 10.2291 9.65731 9.38584 9.64233 8.49615
49022 10.3192 10.8486 10.1533 10.9043 10.8607 9.30345
49040 10.6588 11.1416 10.3859 11.3951 11.0968 9.45094
49058 10.9762 11.4317 10.6437 11.8215 11.6922 9.84693
49076 11.1265 12.066 11.5556 12.3722 12.7593 11.3047
49094 10.7765 11.941 11.581 11.1308 12.5839 11.8573
49112 10.3834 11.6343 11.2897 10.2516 11.7771 11.2635
49130 10.0545 11.1753 10.8166 9.37913 10.7715 10.2841
49148 10.0103 10.5484 9.87486 8.75484 9.67153 8.9269
49165 10.269 10.3564 9.40794 9.39029 9.34754 7.99075
49184 11.4931 10.5331 8.97739 11.3908 9.98847 7.60952
49209 12.7905 11.2784 9.479 14.9056 11.4815 8.19579
49226 12.2153 11.4767 9.98061 15.4868 12.6219 9.48971
49245 10.7511 11.0977 10.1517 13.4604 12.1967 9.72034
49262 7.47585 9.19454 9.56898 8.24156 9.2901 8.73091
49280 6.2625 7.90538 8.41465 6.12553 7.13221 7.06368
49297 5.08841 6.50997 7.07242 4.51719 5.25709 5.18314
49315 4.53761 5.64476 5.90299 3.71534 3.99743 3.7579
49334 4.70676 5.65011 5.72892 3.86312 4.09499 3.6711
49351 5.48623 6.2153 5.98477 4.54024 4.79337 4.25321
49369 6.60451 7.17229 6.71914 5.72521 5.90057 5.15071
49386 7.64577 7.98797 7.36168 6.78884 7.03591 6.15307
49412 9.07043 9.17026 8.31111 8.93392 8.46612 7.06274
49429 12.0262 11.4697 10.0523 14.7051 12.869 10.1473
49447 13.3334 12.9474 11.5131 17.832 16.2777 13.1692
49465 14.0116 14.2821 13.0591 19.5103 18.5007 15.4326
49483 13.801 14.9965 14.4788 17.8973 18.8947 17.1266
49501 13.2053 15.1499 15.3425 15.5959 18.295 17.8488
49518 11.3258 13.9375 14.5098 11.5202 14.4699 15.2622
49535 10.1869 12.1597 12.5699 9.30263 10.9047 10.7823
49554 11.2118 12.5517 12.2484 10.2854 10.9382 9.89539
49572 12.5329 13.3721 12.7172 11.8837 12.0286 10.2771
49597 13.744 14.4976 13.7142 13.3131 13.5065 11.6182
49615 14.289 14.813 13.865 14.0393 14.2469 12.4141
49633 14.7845 14.9388 13.8595 14.7313 14.6663 12.7886
49650 14.1511 14.5735 13.5701 13.8366 14.0429 12.0513
49668 13.8375 14.2979 13.1724 13.5817 13.8844 11.9854
49686 13.8189 14.1213 12.9513 13.9353 13.7345 11.5545
49704 13.5002 13.7128 12.7641 13.6963 13.4787 11.3414
49722 12.584 13.5539 12.9748 13.0113 13.6036 11.9424
49739 9.93432 11.6856 11.8854 9.20812 10.5981 10.1399
49757 9.04666 10.7254 10.9957 8.13428 9.37538 8.97104
49783 8.2337 9.84972 9.95977 7.32192 8.29594 7.99071
49801 7.81949 8.88445 8.67264 6.79536 7.28387 6.55721
49819 8.10184 8.74536 8.23955 7.1824 7.19167 6.198
49837 8.58114 8.83377 8.08941 7.66312 7.7596 6.52252
49855 9.05754 8.87531 7.78523 8.37459 8.21087 6.94388
49873 9.33774 8.52271 7.29588 8.75876 8.3457 6.90222
49891 9.20713 8.51684 7.35283 9.37651 8.48104 6.8368
49906 9.07711 8.49577 7.38585 9.76168 9.0714 7.24039
49925 8.84316 8.35557 7.28609 10.3683 9.16713 7.12531
49943 7.98277 8.14544 7.3989 9.82817 9.04048 7.16115
49972 6.58656 7.821 7.80846 8.2248 8.40205 7.36914
49989 5.82343 6.89798 6.86103 6.64355 7.52429 7.07085
50007 4.79245 5.92998 6.26666 4.97232 5.69789 5.42643
50025 4.24446 5.25239 5.56044 3.99311 4.54926 4.41212
50042 3.89676 4.77401 4.93032 3.39616 3.77257 3.58646
50060 3.90694 4.56262 4.55293 3.31351 3.50869 3.15742
50076 4.4702 4.94852 4.71954 3.95328 3.89834 3.29835
50094 4.98417 5.58875 5.39385 4.75635 4.62178 3.90096
50113 5.90048 5.70414 4.93366 4.67515 5.91098 6.30493
50131 6.48736 6.87895 6.35337 6.56592 6.26465 5.20312
50149 8.67662 9.09694 8.44231 9.75065 9.42795 7.86867
50174 9.06571 10.5902 10.7146 11.4155 12.7287 11.9781
50191 10.7667 12.617 12.7034 9.35911 13.9799 17.5679
50210 14.6196 15.2444 14.4394 14.7574 18.3605 18.8035
50228 11.6124 14.9898 16.3357 11.5984 17.3427 21.3737
50245 5.59877 8.58252 11.2584 3.27647 5.36427 8.2389
50263 29.6605 24.6493 20.7987 54.5238 32.7661 22.4585
50281 31.7217 27.6172 23.8714 52.9283 39.166 29.8665
50299 32.0691 29.1872 26.1029 46.8658 39.6585 32.102
50317 33.1179 31.9318 29.2885 43.1564 40.3983 34.9408
50334 32.1243 32.5748 31.0464 26.641 29.4808 27.597
50360 26.8496 28.9712 28.3412 30.448 33.2139 30.9125
50377 30.4979 32.273 31.4679 34.2841 35.6317 32.395
50394 32.7494 34.9374 33.705 36.5296 38.4853 35.351
50412 34.3448 36.1541 35.278 36.584 39.7809 37.8195
50431 31.7673 34.8233 34.537 31.1526 36.5466 35.7579
50449 28.3934 32.2223 32.6065 27.0061 31.7393 31.6874
50466 28.9016 31.2883 30.7137 26.7182 29.0675 26.914
50484 32.6645 32.6621 30.8849 32.7556 31.2621 26.9785
50503 35.7064 34.7665 32.1945 37.8446 34.3825 28.4545
50521 36.2726 36.5482 34.8343 39.5715 36.7442 30.8416
50545 32.843 36.5086 36.5863 34.7757 36.8816 33.7864
50563 28.6746 34.3916 35.9545 27.693 33.0552 32.5431
50581 24.0507 30.6928 33.1934 22.548 29.0191 30.5427
50598 22.3211 28.2288 30.7254 19.2089 24.7656 26.8169
50616 21.9876 26.2116 27.3229 19.0611 22.6786 22.4585
50634 23.7489 27.4703 27.9217 21.1379 23.0837 21.2277
50652 31.5152 31.5077 29.4572 28.0402 29.2743 26.2965
50670 40.0792 36.5599 32.9939 39.5736 36.5086 30.5457
50687 42.8042 39.3631 35.7391 41.6118 40.2058 35.3994
50705 40.5862 39.6448 36.8427 39.198 42.6997 39.9725
50723 36.0558 37.0442 35.7794 33.5442 39.9114 40.3492
50749 35.8076 35.4507 33.0762 30.6637 38.0456 39.2864
50766 35.7904 34.6916 32.0536 32.2184 37.3775 36.4129
50784 36.1366 32.0558 28.416 30.4193 34.206 32.4558
50803 51.0023 34.6486 27.8065 50.0038 41.0077 32.3591
50820 55.9217 34.0807 26.2554 58.1703 42.9132 32.4086
50837 55.0541 32.2346 24.6842 64.6987 42.0451 30.348
50855 44.9455 29.2348 22.9389 65.4861 39.2661 27.4446
50873 39.5138 26.784 21.2055 53.8033 35.1059 24.917
50891 25.0523 22.1944 19.3787 37.2361 27.6365 20.632
50908 18.98 19.1412 17.9398 28.1826 23.7097 18.4197
50937 11.4987 14.0377 14.5036 13.9066 14.9866 13.4643
50955 9.13155 11.4726 12.2014 9.5942 10.5685 9.73784
50973 7.52728 9.48606 10.0738 7.11805 7.79858 7.16249
50988 7.03835 8.60991 9.01544 6.51929 6.91981 6.18567
51006 6.66121 8.10717 8.3509 5.9375 6.23324 5.52025
51025 6.8739 8.15707 8.29782 5.84605 6.15798 5.47165
51043 7.29514 8.46084 8.49054 6.30554 6.68491 5.97562
51061 7.87044 9.03203 8.8652 6.79375 7.29221 6.69241
51079 8.8279 9.93708 9.67519 7.92212 8.43938 7.64287
51094 9.94282 11.1987 10.9408 9.04963 10.0136 9.27363
51123 11.1933 12.1735 11.839 10.6156 11.6266 10.4871
51141 12.4964 13.4238 12.8236 12.1264 13.367 12.1418
51158 14.3366 15.1381 14.3564 15.1247 16.1255 14.6518
51177 15.8619 16.5436 15.597 17.0567 18.1919 16.3014
51193 17.217 17.7249 16.4648 17.6729 19.7016 18.2375
51211 19.0407 18.2311 16.3389 19.8574 20.1461 17.5151
51229 17.5612 16.8785 15.2793 18.011 17.2959 14.378
51247 18.6456 17.7709 15.906 19.8683 18.0285 14.5558
51265 23.8543 20.5808 17.6846 33.1968 23.948 17.4329
51283 21.4877 20.0393 17.8021 30.9044 23.7879 17.7705
51308 15.9614 18.1144 17.9596 19.124 20.3633 18.3233
51327 13.3862 16.1048 16.5773 13.7587 16.5908 16.8311
51345 10.0405 12.6689 13.5484 9.0345 11.1559 11.6364
51362 9.19289 11.2863 11.624 7.84604 9.16663 8.87025
51380 9.21823 10.7853 10.9493 8.0004 8.6796 7.90411
51398 9.93058 10.7308 10.2133 8.77478 8.77479 7.34159
51416 11.3598 11.6023 10.6693 10.7001 9.66777 7.64484
51433 11.8878 13.1098 12.7153 12.5991 11.4562 8.91749
51451 11.8538 13.1163 12.7477 12.0859 12.2525 10.4665
51469 10.4688 12.6347 12.8833 10.9566 11.9425 10.8959
51487 8.77962 12.5527 14.8503 9.62948 12.179 12.7771
51512 11.9775 14.8502 15.8072 5.77794 11.7535 23.5607
51529 12.6852 15.798 16.5922 12.4708 18.3222 22.3333
51547 3.72736 6.66219 10.6839 1.83044 3.8436 9.61794
51566 3.21053 4.87494 6.29642 1.38138 2.00147 2.71255
51583 14.3013 13.7761 12.4393 17.5013 14.0837 10.3559
51601 11.3884 13.4809 13.851 8.9705 11.6302 12.5171
51618 22.382 18.7744 15.9304 15.0053 16.0866 14.6771
51637 37.6494 26.4242 21.1313 68.9134 39.1051 26.8954
51654 23.9663 22.5589 20.219 26.0362 26.4246 23.3491
51672 22.6965 22.5368 20.7655 26.3056 27.7713 25.638
51697 21.4553 22.5219 21.2646 22.9795 26.3554 25.5224
51715 18.2273 20.1861 19.8821 18.4946 22.2183 22.1912
51733 22.7385 21.4688 19.5726 24.9923 23.7795 20.0627
51750 24.9082 22.4036 19.7122 28.9848 25.3664 20.313
51768 24.9308 22.5497 19.8992 29.1723 25.6178 20.5471
51786 22.9828 21.4716 19.4663 27.052 23.5672 18.663
51804 20.6423 21.1197 19.9899 23.2535 21.6366 18.0955
51820 18.8429 19.8082 18.6927 21.6935 20.7569 17.4866
51838 16.8639 18.7649 18.5066 18.7074 19.0463 16.9742
51856 14.4161 17.187 17.8528 15.3402 17.1368 15.8737
51880 12.4188 15.1835 16.0341 11.949 13.9111 13.459
51897 11.5499 14.1632 14.6558 10.5471 12.0971 11.5485
51914 11.9924 14.3809 14.7271 10.514 12.0086 11.4244
51932 12.4223 14.3148 14.279 10.7766 11.8842 10.9616
51949 13.4147 14.7353 14.3115 11.685 12.1076 10.6852
51966 16.3258 16.5415 15.4048 14.8008 14.4308 12.1438
51982 19.6578 18.8102 17.0317 19.735 18.1119 14.748
52000 23.6115 21.1754 18.5659 25.2283 22.2533 17.6771
52017 25.4496 23.5911 21.0979 29.1195 25.2631 20.1376
52034 26.8726 26.3017 24.407 30.8069 29.6829 25.443
52051 27.0243 26.9431 25.3753 30.5409 30.6452 27.0602
52079 26.3497 27.8832 26.6502 29.168 30.8281 28.1321
52096 25.1165 28.801 29.245 27.064 30.9999 30.2431
52112 24.7785 28.6431 29.2159 24.7117 29.0989 28.294
52128 24.3061 28.2759 28.7872 23.017 27.0521 26.7927
52146 24.325 27.8319 28.0397 23.0349 26.1101 24.7228
52163 27.4171 28.7592 27.7938 25.7671 26.7837 24.0424
52181 37.4262 33.8971 30.0882 37.8845 33.2009 26.9755
52198 39.1322 35.9948 32.5905 40.4193 36.3484 30.1713
52216 39.8128 37.2571 34.4603 41.0855 38.9915 33.7769
52233 39.2214 36.9889 34.2931 39.4798 38.8109 34.0948
52257 41.5288 38.0638 34.4618 41.1492 39.0615 33.8542
52274 41.2808 38.1394 34.6604 41.3875 39.2554 34.0376
52292 40.7325 38.6953 35.481 42.2277 41.6935 36.4713
52309 40.2708 37.9976 34.7471 42.6078 42.039 36.7217
52326 38.9216 36.8206 33.7925 39.1863 39.4052 35.1901
52343 36.4371 34.8309 31.9413 36.9762 35.6149 31.1225
52360 36.7267 35.3725 32.5417 36.8104 36.707 32.1267
52378 35.69 34.0594 31.2421 34.7805 35.5201 31.9321
52395 32.2729 32.2553 30.118 30.6245 33.4398 31.1328
52412 27.6435 28.2375 26.5821 25.2382 28.9118 27.5564
52436 27.0186 26.5923 24.8025 24.9084 26.2724 23.6691
52454 31.3639 26.8637 23.4349 30.0942 27.492 22.9624
52470 32.2043 26.8406 23.1433 33.8874 28.6866 22.7167
52488 29.9725 25.668 22.1733 32.7138 27.5191 21.6882
52505 26.9248 24.0179 21.1174 30.1089 25.7816 20.3949
52522 24.946 22.826 20.2629 29.1449 24.6006 19.6437
52539 19.7274 20.4867 19.3671 20.9081 21.0518 18.3488
52556 17.1581 18.7649 18.3109 17.379 18.653 17.1097
52573 14.8103 16.7549 16.6319 14.4506 15.8054 14.6142
52590 13.3827 15.3175 15.5308 12.9825 14.0602 12.906
52608 12.6401 14.3442 14.1532 11.8256 12.4338 11.1499
52632 11.7901 13.532 13.6774 10.9113 11.5765 10.1986
52649 11.5341 13.2067 13.0418 10.9062 10.9614 9.4762
52666 11.5036 13.1961 13.0489 11.131 11.1515 9.63831
52684 11.9927 13.0249 12.5118 11.0648 11.5943 10.1098
52701 11.8888 13.2489 12.9371 11.4827 11.7338 10.109
52718 11.6606 13.4044 13.4375 11.3781 12.0832 10.8757
52735 12.2006 14.0267 13.9923 11.6324 12.7973 11.9335
52752 12.4648 14.2295 14.1082 11.9127 13.1496 11.9972
52769 15.0408 15.9047 15.1063 14.1394 15.0365 13.3545
52786 16.2542 16.734 15.7545 15.7351 16.1448 14.0123
52811 19.6805 18.6697 16.634 19.3502 18.6558 15.7431
52828 23.9694 20.8664 18.0221 25.1142 21.5355 17.116
52846 30.6759 23.3845 19.2977 37.0295 27.2418 20.2066
52862 31.1931 23.863 19.8065 37.7622 27.7537 20.6414
52879 31.0355 27.8062 24.6326 39.3575 33.7248 27.0511
52896 30.7877 28.3074 25.4024 38.1371 34.4636 28.4412
52913 26.73 26.7564 25.2333 32.5518 32.3418 28.092
52931 25.2034 26.0825 24.9802 28.8468 29.323 26.0286
52948 23.6114 24.4681 23.1071 24.2491 24.5441 21.6151
52965 23.3221 23.9317 22.8177 23.7785 23.7193 20.6489
52993 22.8402 23.49 22.3624 23.2104 22.5357 19.2027
53010 21.048 22.673 22.0152 20.7413 20.9501 18.2901
53024 21.4882 23.4174 22.9364 21.597 21.4259 18.5237
53042 20.3606 22.6519 22.4446 19.6412 20.6608 18.4165
53059 18.4787 21.1101 21.2196 17.6785 18.8555 17.2336
53077 18.0783 20.747 20.8961 16.5676 17.9667 16.2929
53094 18.7649 21.1512 21.0949 17.1762 18.3171 16.6647
53111 19.5666 22.2344 22.2034 18.4047 19.5505 17.6063
53129 20.2929 22.9337 22.9513 18.6612 20.2286 18.4334
53147 21.8003 24.1546 23.9321 19.5704 21.1035 19.4521
53172 23.9242 26.6084 26.4852 21.6185 24.2452 23.1625
53189 24.6835 27.3589 26.8748 22.3316 25.6694 24.4322
53206 26.6573 28.7914 28.1763 24.4388 27.3379 26.1038
53223 29.8969 31.1496 29.5993 28.263 30.2815 27.6713
53240 35.6219 34.5521 31.9427 33.7444 34.6169 31.1544
53258 43.447 38.7576 34.6663 42.8 41.7846 36.3061
53275 51.4034 42.8705 37.1609 53.7529 49.0058 41.4506
53292 53.8616 44.3316 38.6289 57.1472 52.5713 44.9986
53309 58.3095 45.1961 38.6995 59.8134 53.4767 45.0586
53320 58.1268 45.1634 38.703 59.5782 53.4905 45.1736
53320 58.4637 45.1721 38.626 59.5893 53.451 45.1182
53320 58.0694 45.2976 38.9015 59.5708 53.4674 45.147
53320 57.6912 45.1969 38.8636 59.5429 53.4419 45.1257
53320 57.9928 45.2268 38.825 59.577 53.4657 45.1422
53320 58.3892 45.2 38.6837 59.5444 53.4659 45.156
53320 58.1195 45.2108 38.7696 59.5426 53.4308 45.1117
53320 57.931 45.3244 38.9746 59.6236 53.4742 45.1339
53320 58.0146 45.1524 38.7176 59.6287 53.4509 45.1018
53320 58.4286 45.1352 38.5848 59.5133 53.4335 45.1272
53320 58.4859 45.0968 38.5173 59.5819 53.4672 45.1421
53320 57.9146 45.1359 38.7214 59.5835 53.5021 45.1862
53320 58.0288 45.1581 38.7216 59.4925 53.4489 45.1556
53320 58.9947 45.234 38.5706 59.5848 53.4692 45.1434
53320 58.5606 45.1546 38.5765 59.5388 53.4553 45.1446
53320 58.3379 45.0532 38.4968 59.5544 53.4192 45.0918
53320 58.2038 45.1779 38.7025 59.4892 53.4577 45.1683
53320 58.3957 45.1217 38.5751 59.595 53.4826 45.1565
53320 58.028 45.2661 38.8694 59.5205 53.4937 45.2015
53320 58.4341 45.1388 38.5883 59.5194 53.4614 45.1606
53320 58.4857 45.245 38.7199 59.5928 53.4608 45.1293
53320 58.0243 45.184 38.7582 59.4976 53.4321 45.1319
53320 58.3138 45.2108 38.7184 59.5293 53.4994 45.2052
53320 58.4732 45.2123 38.6784 59.4954 53.4388 45.1415
53320 58.4096 45.1491 38.6089 59.5384 53.4632 45.1549
53320 58.1753 45.2059 38.7482 59.5956 53.4592 45.1262
53320 58.3612 45.2156 38.7125 59.5379 53.4647 45.1571
53320 57.966 45.197 38.7913 59.5728 53.4663 45.1447
53320 58.221 45.2176 38.7522 59.598 53.4797 45.1516
53320 58.6831 45.1969 38.602 59.5751 53.4792 45.1604
53320 58.1655 45.2277 38.7806 59.6715 53.4815 45.1234
53320 58.9176 45.2689 38.6386 59.509 53.4331 45.1284
53320 58.2884 45.1792 38.682 59.5377 53.4666 45.1596
53320 58.5565 45.2779 38.7461 59.523 53.4649 45.1635
53320 58.4176 45.1551 38.6149 59.5191 53.371 45.0444
53320 58.0919 45.1807 38.7358 59.5317 53.4923 45.1952
53320 57.8939 45.3336 38.997 59.5186 53.4656 45.1663
53320 58.0541 45.1056 38.6431 59.5078 53.4722 45.1792
53320 57.9757 45.1829 38.7695 59.6099 53.4756 45.1413
53320 58.1216 45.2782 38.8611 59.4614 53.4708 45.1966
0 58.1216 45.2782 38.8611 59.4614 53.4708 45.1966
1960937848 58.1216 45.2782 38.8611 59.4614 53.4708 45.1966
0 58.1216 45.2782 38.8611 59.4614 53.4708 45.1966
3 58.1216 45.2782 38.8611 59.4614 53.4708 45.1966
0 58.1216 45.2782 38.8611 59.4614 53.4708 45.1966
3 58.1216 45.2782 38.8611 59.4614 53.4708 45.1966
0 58.1216 45.2782 38.8611 59.4614 53.4708 45.1966
1960937848 58.1216 45.2782 38.8611 59.4614 53.4708 45.1966
0 58.1216 45.2782 38.8611 59.4614 53.4708 45.1966
1960937848 58.1216 45.2782 38.8611 59.4614 53.4708 45.1966
3 58.1216 45.2782 38.8611 59.4614 53.4708 45.1966
0 58.1216 45.2782 38.8611 59.4614 53.4708 45.1966
0 58.1216 45.2782 38.8611 59.4614 53.4708 45.1966
0 58.1216 45.2782 38.8611 59.4614 53.4708 45.1966
1954366783 58.1216 45.2782 38.8611 59.4614 53.4708 45.1966
0 58.1216 45.2782 38.8611 59.4614 53.4708 45.1966
1960937848 58.1216 45.2782 38.8611 59.4614 53.4708 45.1966
0 58.1216 45.2782 38.8611 59.4614 53.4708 45.1966
0 58.1216 45.2782 38.8611 59.4614 53.4708 45.1966
0 58.1216 45.2782 38.8611 59.4614 53.4708 45.1966
1959986689 58.1216 45.2782 38.8611 59.4614 53.4708 45.1966
0 58.1216 45.2782 38.8611 59.4614 53.4708 45.1966
1960937848 58.1216 45.2782 38.8611 59.4614 53.4708 45.1966
0 58.1216 45.2782 38.8611 59.4614 53.4708 45.1966
1954366673 58.1216 45.2782 38.8611 59.4614 53.4708 45.1966
0 58.1216 45.2782 38.8611 59.4614 53.4708 45.1966
0 58.1216 45.2782 38.8611 59.4614 53.4708 45.1966
